Image Name	Laplacian	Tenengrad	Brenner	FFT
0001.jpg	19.95500108420975	1421.3957904772185	72582742	81897885568.77957
0002.jpg	19.223039447365615	1398.2286733218048	70661978	81138562637.49327
0003.jpg	15.636484938886452	1210.2705406653797	66636030	77001123911.51114
0004.jpg	13.723954924473842	1116.0882911198644	54059154	72454533065.18437
0005.jpg	11.050455910900627	865.4006163642672	47600276	62676603511.95908
0006.jpg	14.41257977431112	1149.8129320801036	58227758	73270774833.3175
0009.jpg	13.234577761556922	1088.727324109364	62555482	73574212276.1654
0014.jpg	12.821941516956832	992.8924728207348	45963660	67838138696.121254
0015.jpg	14.40441813702214	1087.231053209593	47212086	71447736333.8361
0016.jpg	15.015151285304263	1164.9588289554729	61436158	76470821700.3028
0017.jpg	11.409129339120032	873.9265133423092	40984306	63336894762.581215
0018.jpg	15.0031420467845	1145.6551921107978	54652128	75297983771.45752
0019.jpg	14.95039035186178	1129.7127281237076	54501426	75355065946.95885
0020.jpg	10.911059116735426	927.1750249890096	47105234	70234348725.12192
0023.jpg	12.440164543126365	1005.8726685532644	50593840	73297490008.43942
0026.jpg	11.900321759634654	916.9301403328687	43025444	67177912010.87953
0028.jpg	18.488668564904405	1401.4943739512787	58076290	84680397139.89474
0029.jpg	13.112305823811717	1160.191239704046	59001156	79824460473.39961
0030.jpg	14.608282365491451	1193.362882490239	52876010	77895870649.20358
0031.jpg	11.750900487019564	1073.0865099916598	62697506	77849228929.4629
0032.jpg	9.976957143105029	790.3214632772684	41074454	58703499958.31263
0033.jpg	13.391656552033488	1129.174231400921	62250418	76450249049.1429
0034.jpg	22.377038480638447	1533.78242939877	74843430	86767780132.24062
0035.jpg	13.304801433013829	1127.3112779785815	62005878	75974729291.72334
0036.jpg	17.859929528230158	1417.71156290901	73466038	83837158018.52428
0037.jpg	11.875769139278882	844.3047866584044	50785548	63374131192.53664
0038.jpg	11.220761205143068	999.5343205562478	66397940	72618091048.38591
0039.jpg	14.037187821183837	1155.6953152634485	65064800	76161084656.58743
0040.jpg	13.457066788121022	1105.0273359668572	59743718	74284783382.53082
0041.jpg	16.466270812460248	1146.8885780035862	54229664	76339990580.6352
0044.jpg	11.979005224133632	1094.791933298533	69652842	76491440554.25435
0046.jpg	15.953719715599105	1252.0340644368987	56417814	79831893929.36078
0047.jpg	10.412567515386838	867.0783935563352	50713816	66231744208.88892
0051.jpg	12.889695130383974	1150.9925017319829	63705374	79004597511.72704
0052.jpg	16.24554497252015	1373.36110649569	79790522	85282043782.13936
0053.jpg	12.420484597171024	1162.7877577580498	67035884	79100891252.99846
0054.jpg	13.327553796408187	1142.6702483725371	60344332	78071595684.00182
0055.jpg	15.907357667696775	1370.6227435234234	82415200	83322221390.26668
0056.jpg	10.698784234564872	889.3749107714244	48231036	63585349318.404106
0057.jpg	18.1404957679583	1428.9069166748784	80774150	84434983906.75916
0058.jpg	15.679221869951704	1291.9448016787303	67740718	79507009623.88596
0060.jpg	12.306733465066754	1116.312387223908	64571378	74716534510.71326
0061.jpg	19.96417070969402	1517.8496602584032	78530078	86585757488.83351
0063.jpg	12.513476285470784	1121.008958229695	75004738	76148822459.8447
0065.jpg	20.46621957811664	1553.035638966753	94434942	87527342556.23776
0066.jpg	13.945492343012376	1241.7572895097746	63912856	78213690593.02669
0067.jpg	14.321326284160431	1262.2974462816117	81721202	80293733868.50168
0068.jpg	16.725788691503762	1423.240258731253	68398174	82736156482.8073
0069.jpg	11.118739787956414	1072.0460198452115	74373812	76514101962.46597
0070.jpg	17.049278576621447	1404.3459335371854	82776040	83733672487.44272
0074.jpg	16.301352968887056	1287.0200093632875	73477594	79056814089.3706
0076.jpg	14.943823653054306	1253.3065958339005	70019532	78094258895.64427
0078.jpg	18.665348985901108	1401.1659138765351	68115588	81543990483.13158
0079.jpg	15.161121138687005	1233.50944160723	60207904	77796390612.63773
0080.jpg	18.938384975563014	1448.318043010271	77972338	84941038164.83025
0082.jpg	17.207680913443006	1265.405825146926	80650414	81005749544.28755
0083.jpg	14.579431613662845	1198.788035977162	63124182	76581146483.72943
0086.jpg	11.539394485290664	965.24543270522	70105244	73552754167.8644
0089.jpg	12.915266748206816	1070.868452569589	65274602	74713431678.13165
0091.jpg	16.57683286230935	1203.9206512080182	65663434	77956354653.55716
0092.jpg	17.06845378506256	1225.2661281002431	63745688	78310244818.4817
0093.jpg	10.029153389199353	882.6971935554838	54884710	69255628382.43008
0094.jpg	11.531022363969626	958.9797973107404	49991502	70954115754.75554
0096.jpg	13.07815301031147	1074.2534573607925	52684248	72980019157.72047
0097.jpg	16.63213585783696	1259.4564106904754	55067586	76764047427.4254
0099.jpg	13.079139527497473	1065.6336948637522	54369938	70118443468.90634
0101.jpg	10.558363831336523	974.8380743481102	57866640	69880710989.12991
0102.jpg	10.122886827477442	923.0936477768578	55594744	67203087588.71254
0103.jpg	14.80295936851324	1169.923467206143	64597884	75854730579.54466
0106.jpg	11.027850945721468	968.3954021975304	53670110	71713155046.39627
0108.jpg	16.336645751222136	1222.0700769084272	57007736	77253039973.39146
0110.jpg	11.327609631630551	908.4022710292392	58152990	69149226061.9366
0111.jpg	14.947110804519657	1174.944024493299	65839906	76395270967.65332
0112.jpg	14.393874077487595	1194.1271664184774	77823018	78625541237.70332
0115.jpg	19.17489162743454	1467.0653262732626	102506692	86044045090.61055
0116.jpg	17.898979146999576	1392.0475965036546	72117316	81253912482.0383
0117.jpg	10.879645691433518	1030.6005826574333	68775688	73297563954.79381
0118.jpg	16.170791786994542	1341.096263437188	113834954	82846787722.95723
0120.jpg	20.4101236404093	1407.9204393508005	118592652	84137844274.57169
0121.jpg	10.3463291975417	887.877325405299	79037774	71378043683.60603
0122.jpg	10.529817959692492	816.0580689114433	74847916	69432316964.402
0123.jpg	14.240835954521936	1090.3884169194785	61439748	73580924147.32603
0125.jpg	10.446580845030482	896.6536541425912	51196656	67730600106.215385
0126.jpg	11.096582597841088	920.7556163135569	46052744	68262437137.168495
0127.jpg	14.385479842096046	1089.3967728836783	63822442	74593854596.01457
0130.jpg	15.611480280431348	1168.0945684542348	57710732	78103108128.84427
0131.jpg	10.740326523041766	986.9217166294518	51865900	73881247091.19682
0132.jpg	12.439889560756672	1099.3930240626978	58899968	76026457018.79321
0134.jpg	18.561521167701315	1439.0975333283834	72221922	87312197695.56534
0136.jpg	14.107657009345314	1286.9050475232552	73873268	83007653681.73091
0138.jpg	18.213455161683832	1488.466446487083	75254062	85949181533.12025
0141.jpg	12.174487455003332	922.6819593687406	52420510	66269618955.65442
0142.jpg	12.482922375135354	1103.4354711337655	56587362	73507876506.68631
0143.jpg	13.957278809592877	1223.060342119356	60576858	77955083317.56618
0145.jpg	21.389747410604553	1461.8027884767205	65038048	84020707627.57558
0147.jpg	12.593064476208124	991.5905806678286	54402076	70060122504.55466
0148.jpg	11.84071580192588	1006.1844820598131	50321292	70901693333.3074
0149.jpg	11.448852533143649	913.9284523617384	54299880	69651463723.22786
0150.jpg	16.44461443969588	1180.8611402400873	51769796	73563677198.64713
0151.jpg	14.947414911816436	1112.4479773458022	54690642	73003017548.0125
0152.jpg	13.568736453365473	985.2616019686192	45783208	67062844499.37498
0154.jpg	11.867852519984805	992.703402775004	48342378	71058497414.08467
0159.jpg	12.65254289212752	1037.6146479983563	50214592	70765675506.0843
0160.jpg	17.13947295676661	1316.6874694093578	58462590	80977811519.97377
0161.jpg	14.3464854678084	1188.7809462730347	55592516	77691627697.42201
0166.jpg	15.334408352710918	1272.910252299158	82313168	80241035462.0832
0167.jpg	12.450889004802264	1016.3732385768956	58405612	68473094573.71337
0171.jpg	11.457843230369496	992.2855727613722	96428882	73714040967.66605
0172.jpg	10.872495510991971	908.5525894849452	57137746	65759676718.72228
0175.jpg	14.659013168511716	1246.000745507018	73131224	78805205937.03467
0177.jpg	17.253447807517396	1405.8906233272576	81262326	82851202864.47829
0178.jpg	16.501537254218878	1259.5665644234384	92380858	79277807107.67648
0179.jpg	17.247484012079475	1337.1786383315568	93358918	81689232487.92047
0180.jpg	14.7926974433471	1205.6014299610931	64827768	76705146849.80147
0183.jpg	13.32301601737967	1069.9469480477771	67854128	73394950088.49525
0184.jpg	15.733838842405424	1294.9362005511543	72094202	79932716748.30516
0185.jpg	12.580854872789182	1063.0754007601067	56178026	70898628279.91985
0187.jpg	16.132887054117084	1346.6684736300997	74514120	81774970015.95605
0189.jpg	15.005882475221698	1263.2468959223872	67369730	79577998406.68413
0190.jpg	12.942803427234038	1066.0951927568872	60533822	72563772745.41177
0191.jpg	20.107234810537385	1427.880316448572	87451368	86201940380.9877
0193.jpg	10.132757342553289	953.393762557893	58539952	70952387904.31946
0194.jpg	11.956774866884151	1013.8767113699588	63475486	73245707293.25261
0195.jpg	10.667351362244665	922.0617811707766	54813138	68671988140.3008
0198.jpg	12.08613661118448	952.1727670568538	57831286	70350085880.20174
0200.jpg	13.289173402302318	977.7009394966088	66236494	72896579032.71045
0202.jpg	10.106896365634492	836.730178422092	64999138	69443716409.34349
0203.jpg	15.660802812417744	1253.931721123279	82991588	79378390007.94081
0205.jpg	13.408866389546834	1141.5070468193182	63214080	75392196580.97871
0207.jpg	17.486703614480383	1386.931456552179	93822368	84921742498.39069
0208.jpg	18.78942657010857	1422.9487151523365	77370638	84878791324.59192
0209.jpg	10.415073991227752	1017.0485590015464	69182968	74857625300.01747
0210.jpg	18.267318222802757	1452.74553706869	87649040	85757883944.89133
0215.jpg	13.471825068124533	1161.78099823565	60831266	77117159423.5971
0216.jpg	15.684391593962754	1280.2739737039117	70772318	80907050400.93427
0218.jpg	14.72699949649978	1221.174382906378	73852216	78494391665.0097
0219.jpg	17.713246836923645	1369.7487193093457	68092964	80938301447.85779
0221.jpg	20.368147083776105	1443.1144345759994	90321416	83779466451.08305
0222.jpg	11.2560080303281	874.6452068994834	42562822	60553913057.138855
0223.jpg	12.517814192851992	1099.356337704913	76123442	74568270307.15498
0224.jpg	16.902027144144434	1296.14541919494	93338348	79909497609.562
0225.jpg	12.084023406046242	1055.8369315462032	66788654	73007528102.5075
0226.jpg	23.940923976417036	1667.4651752185655	107706668	89536297862.69434
0227.jpg	10.148646357305196	845.3478055686645	50776228	62280554042.30268
0228.jpg	13.16184463033542	1049.1076997201908	94258968	73407380779.06949
0229.jpg	20.97835224294388	1409.7061773282476	103964872	83249958223.16032
0230.jpg	14.89116912146055	1123.8600550352965	65932908	74629203211.5476
0231.jpg	18.24183574608272	1298.617686246222	101876102	81388357458.72792
0232.jpg	11.73467738244914	901.030386610624	55376566	65410502463.60897
0233.jpg	14.141566682388564	1035.4059275696234	86006846	74443995532.88025
0234.jpg	21.014314101865267	1350.8042791151229	102063174	83719154429.73705
0235.jpg	13.951566700659836	1122.6202107528557	72326096	76908326764.68684
0236.jpg	10.355711429217626	920.5142716262458	64447478	70607217444.44499
0238.jpg	17.694432516548673	1354.7802127862842	73277752	82797971396.73225
0239.jpg	16.462034916576815	1313.5749297784728	58412742	80241250174.9516
0240.jpg	16.127025555369396	1294.5427048181616	66469828	81303418862.53784
0241.jpg	19.108057573574	1451.9830151113547	71103790	85375385483.536
0244.jpg	15.310711397284326	1244.0027546446752	56714306	80085767874.30331
0246.jpg	14.330039736244316	1155.364462153749	53980546	76438921565.7
0248.jpg	10.970897052494443	999.6402278792328	58048084	75472208141.09474
0249.jpg	16.15276146847555	1251.3657037472308	67657998	81941482159.78036
0250.jpg	14.103007055973563	1138.8915337373228	57978068	78162489772.65666
0251.jpg	11.18396581287147	927.9384116543508	46800122	70322657514.43794
0252.jpg	11.075755971218094	917.9225654356452	55572542	72621946055.89705
0257.jpg	11.617253139924832	929.872566130567	47183976	66270576137.90018
0261.jpg	10.898475913237268	1007.7753048859508	62700226	72322690894.51863
0263.jpg	16.50232647898281	1207.199995091724	61232910	78003159241.6727
0266.jpg	12.184529382704763	991.667494854762	61583606	73695802796.54126
0268.jpg	20.760108387616803	1454.8398042649662	73959954	86377133180.4383
0270.jpg	10.240348632776314	911.2471328218292	54563002	68773805994.16637
0271.jpg	14.151530247434376	1122.2058107726891	57403228	76894472511.49136
0272.jpg	17.215137228731738	1311.1298665963147	96009040	82781660966.07088
0274.jpg	10.689506343306135	820.9970761950995	48120038	60871781516.00828
0275.jpg	10.612387186269936	981.195333732089	82480966	73062694156.96297
0276.jpg	18.39436416545177	1464.0089803920637	75354110	83965343902.40092
0277.jpg	16.02371690944969	1352.33857613168	72640030	81699205996.19888
0279.jpg	11.252109043027788	979.997006702927	94898216	74245773272.38583
0281.jpg	10.543708423931486	905.2364811117144	56546192	65269170095.9552
0283.jpg	10.108863162927973	857.5337826492695	46485148	61863693342.562584
0285.jpg	10.0668694857669	835.2390006099034	50617224	63534807664.999054
0289.jpg	12.033772441388324	981.5748604115114	53453052	71576993029.5014
0293.jpg	13.331584718282832	1060.172311288371	65473962	75534138979.39241
0294.jpg	13.534901907455511	1167.677061485297	62218492	76269461326.8422
0297.jpg	10.769795957664344	1001.9816958869774	56603228	71804086659.76483
0302.jpg	15.131092656282474	1150.2858885438209	59935400	76936643696.2203
0303.jpg	12.013384566509032	919.4022946941412	43936576	67133840073.402824
0304.jpg	14.412688953460211	1124.5463519677116	51829392	75227306596.07283
0305.jpg	10.459009813714614	777.53404058418	34828862	59354615063.66264
0306.jpg	10.471987705269369	958.9194580712405	52475324	69954028953.55188
0308.jpg	13.431240491475632	1049.8855612920336	55278310	69979616131.62138
0309.jpg	13.325166245492404	1098.9137509483178	55583656	72650749053.55907
0310.jpg	10.033349476228862	916.2922450116204	47258558	67255904855.65266
0311.jpg	11.059982763414355	997.7177220440816	54562972	70530812740.98373
0324.jpg	12.968429768010244	1063.8470260668269	50216820	71720108549.76463
0326.jpg	11.302632267741288	992.3037897274542	55167302	70357030200.79683
0327.jpg	16.064543196426033	1255.8142705869934	54103430	76867241448.18512
0328.jpg	17.350708700804116	1395.1309364001377	67012434	81215077736.711
0329.jpg	16.628727613098143	1353.4107284144477	77220838	81010103325.86913
0331.jpg	14.447638489513675	1088.6441871801092	56400272	70879553322.72223
0332.jpg	10.75617324624401	942.6717867163773	57165268	69194034650.8607
